3.4416422843933105 2.9824047088623047

3.774193525314331 3.5366568565368652
3.436363697052002 3.3255133628845215

3.800586462020874 3.594721555709839
3.594721555709839 3.473313808441162
3.436363697052002 3.373020648956299
3.3413491249084473 3.2885632514953613
3.2727274894714355 2.8293254375457764

3.7266862392425537 3.5049853324890137
3.4416422843933105 3.2832846641540527
3.2463345527648926 3.172434091567993
3.1407625675201416 3.0615837574005127

3.811143636703491 3.5894429683685303
3.5894429683685303 3.462756633758545
3.4258065223693848 3.33079195022583
3.3255133628845215 3.2463345527648926

3.7266862392425537 3.4310851097106934
3.5049853324890137 3.3360705375671387
3.33079195022583 3.2199416160583496
3.2357773780822754 3.10909104347229
3.056305170059204 2.8029325008392334

3.6739003658294678 3.4785923957824707
3.462756633758545 3.357184886932373
3.3519062995910645 3.278006076812744
3.2621703147888184 3.082698106765747

3.7161290645599365 3.526099681854248
3.4785923957824707 3.409970760345459
3.3677420616149902 3.357184886932373
3.29384183883667 3.14604115486145

3.737243413925171 3.526099681854248
3.4838709831237793 3.373020648956299
3.3782992362976074 3.29384183883667
3.2832846641540527 3.1935484409332275

3.85337233543396 3.631671667098999
3.6158359050750732 3.5102639198303223
3.4785923957824707 3.420527935028076
3.399413585662842 3.3255133628845215
3.3255133628845215 3.056305170059204

3.7847506999969482 3.631671667098999
3.578885793685913 3.4785923957824707
3.4574780464172363 3.3782992362976074
3.3888564109802246 3.2991204261779785
3.29384183883667 2.876832962036133

3.774193525314331 3.594721555709839
3.55249285697937 3.473313808441162
3.436363697052002 3.3782992362976074
3.3677420616149902 3.3096776008605957

3.737243413925171 3.578885793685913
3.5313782691955566 3.409970760345459
3.4152493476867676 3.304399013519287
3.33079195022583 3.1935484409332275

3.8164222240448 3.6263930797576904
3.6105573177337646 3.515542507171631
3.4838709831237793 3.4416422843933105
3.4046921730041504 3.3677420616149902
3.3255133628845215 3.0774195194244385
