3.5102639198303223 3.4574780464172363
3.446920871734619 3.4310851097106934
3.3888564109802246 3.3888564109802246
3.357184886932373 3.4046921730041504
3.3360705375671387 3.2832846641540527
3.2621703147888184 3.29384183883667
3.2991204261779785 3.2727274894714355
3.2463345527648926 3.267448902130127
3.214663028717041 3.14604115486145
3.124926805496216 3.0668623447418213

3.7319648265838623 3.6897361278533936
3.642228841781616 3.6263930797576904
3.5894429683685303 3.5577714443206787
3.541935443878174 3.5102639198303223
3.4944281578063965 3.3677420616149902
3.4574780464172363 3.420527935028076
3.420527935028076 3.2199416160583496
3.383577823638916 3.320234775543213
3.3519062995910645 3.3149561882019043
3.3255133628845215 3.33079195022583
3.3096776008605957 3.2727274894714355
3.2621703147888184 3.2885632514953613
3.2199416160583496 3.161876916885376

3.721407651901245 3.621114492416382
3.631671667098999 3.594721555709839
3.578885793685913 3.541935443878174
3.5313782691955566 3.499706745147705
3.446920871734619 3.4310851097106934
3.436363697052002 3.436363697052002
3.394134998321533 3.3624634742736816
3.399413585662842 3.357184886932373
3.357184886932373 3.3360705375671387
3.3096776008605957 3.3096776008605957
3.251613140106201 3.278006076812744
3.241055965423584 3.2463345527648926
3.251613140106201 3.2357773780822754

3.7689149379730225 3.6897361278533936
3.6739003658294678 3.668621778488159
3.631671667098999 3.5841643810272217
3.568328619003296 3.515542507171631
3.5208210945129395 3.4838709831237793
3.4785923957824707 3.446920871734619
3.420527935028076 3.394134998321533
3.4152493476867676 3.3624634742736816
3.383577823638916 3.383577823638916
3.346627712249756 3.33079195022583
3.3255133628845215 3.320234775543213

3.2991204261779785 3.198827028274536

3.7319648265838623 3.6105573177337646
3.6263930797576904 3.5577714443206787
3.578885793685913 3.5208210945129395
3.526099681854248 3.499706745147705
3.473313808441162 3.4574780464172363
3.420527935028076 3.4152493476867676
3.4046921730041504 3.3519062995910645
3.373020648956299 3.33079195022583
3.3413491249084473 3.29384183883667
3.320234775543213 3.29384183883667
3.2885632514953613 3.267448902130127
3.2621703147888184 3.241055965423584
3.2357773780822754 3.251613140106201

3.6791789531707764 3.5841643810272217
3.594721555709839 3.5736072063446045
3.5208210945129395 3.499706745147705
3.4785923957824707 3.4416422843933105
3.4416422843933105 3.420527935028076
3.3888564109802246 3.383577823638916
3.3677420616149902 3.3519062995910645
3.3413491249084473 3.3255133628845215
3.320234775543213 3.2832846641540527
3.2832846641540527 3.2991204261779785
3.230498790740967 3.2199416160583496

3.7425220012664795 3.6739003658294678
3.6633431911468506 3.621114492416382
3.5894429683685303 3.5630500316619873
3.5472142696380615 3.4785923957824707
3.4944281578063965 3.489149570465088
3.4574780464172363 3.4258065223693848
3.420527935028076 3.4152493476867676
3.399413585662842 3.357184886932373
3.3519062995910645 3.33079195022583
3.3413491249084473 3.320234775543213
3.2991204261779785 3.2621703147888184
3.2832846641540527 3.278006076812744
3.2199416160583496 3.2357773780822754

3.684457540512085 3.6105573177337646
3.5630500316619873 3.5049853324890137
3.5208210945129395 3.4680352210998535
3.4680352210998535 3.4521994590759277
3.4258065223693848 3.373020648956299
3.3888564109802246 3.3413491249084473
3.3360705375671387 3.2991204261779785
3.3255133628845215 3.267448902130127
3.2727274894714355 3.230498790740967
3.2621703147888184 3.2568917274475098
3.2199416160583496 3.2093844413757324

3.668621778488159 3.568328619003296
3.6000001430511475 3.526099681854248
3.526099681854248 3.473313808441162
3.4521994590759277 3.4258065223693848
3.4152493476867676 3.3782992362976074
3.3782992362976074 3.346627712249756
3.3519062995910645 3.3255133628845215
3.3255133628845215 3.267448902130127
3.304399013519287 3.2357773780822754
3.2463345527648926 3.225220203399658
3.2463345527648926 3.1829912662506104

3.647507429122925 3.578885793685913
3.5736072063446045 3.5366568565368652
3.5208210945129395 3.4785923957824707
3.4574780464172363 3.4416422843933105
3.394134998321533 3.394134998321533
3.373020648956299 3.3519062995910645
3.3360705375671387 3.304399013519287
3.3149561882019043 3.2832846641540527
3.2727274894714355 3.241055965423584
3.2463345527648926 3.241055965423584

3.6527860164642334 3.55249285697937
3.6000001430511475 3.5208210945129395
3.5366568565368652 3.4152493476867676
3.346627712249756 3.357184886932373
3.3782992362976074 3.33079195022583
3.2727274894714355 3.225220203399658
3.230498790740967 3.2357773780822754
3.3255133628845215 3.2727274894714355
3.278006076812744 3.2568917274475098
3.251613140106201 3.251613140106201

3.7530791759490967 3.6791789531707764
3.684457540512085 3.6263930797576904
3.594721555709839 3.578885793685913
3.5630500316619873 3.5366568565368652
3.499706745147705 3.473313808441162
3.4521994590759277 3.4574780464172363
3.4310851097106934 3.409970760345459
3.399413585662842 3.373020648956299
3.3677420616149902 3.373020648956299
3.3255133628845215 3.3519062995910645
3.320234775543213 3.3149561882019043
3.2621703147888184 3.2621703147888184
3.2357773780822754 3.2041056156158447
3.1671555042266846 3.0932552814483643

3.7425220012664795 3.668621778488159
3.6369502544403076 3.605278730392456
3.594721555709839 3.5366568565368652
3.5366568565368652 3.5208210945129395
3.499706745147705 3.473313808441162
3.4574780464172363 3.436363697052002
3.4574780464172363 3.4152493476867676
3.409970760345459 3.383577823638916
3.3624634742736816 3.383577823638916
3.3413491249084473 3.3255133628845215
3.3096776008605957 3.2991204261779785
3.267448902130127 3.267448902130127
3.251613140106201 3.241055965423584

3.6897361278533936 3.6158359050750732
3.578885793685913 3.541935443878174
3.5313782691955566 3.489149570465088
3.4680352210998535 3.4521994590759277
3.4416422843933105 3.394134998321533
3.399413585662842 3.3624634742736816
3.3677420616149902 3.3360705375671387
3.33079195022583 3.2832846641540527
3.304399013519287 3.2885632514953613
3.267448902130127 3.251613140106201
3.230498790740967 3.2041056156158447
3.1935484409332275 3.161876916885376

3.7530791759490967 3.6633431911468506
3.6527860164642334 3.621114492416382
3.578885793685913 3.5841643810272217
3.5208210945129395 3.4838709831237793
3.4838709831237793 3.4416422843933105
3.446920871734619 3.3782992362976074
3.4152493476867676 3.3624634742736816
3.3255133628845215 3.3255133628845215
3.3360705375671387 3.29384183883667
3.2991204261779785 3.278006076812744
3.2568917274475098 3.2621703147888184
3.2463345527648926 3.2621703147888184
3.214663028717041 3.1777126789093018

3.6791789531707764 3.6000001430511475
3.578885793685913 3.5102639198303223
3.515542507171631 3.499706745147705
3.436363697052002 3.3888564109802246
3.3624634742736816 3.3096776008605957
3.3677420616149902 3.278006076812744
3.33079195022583 3.278006076812744
3.29384183883667 3.2568917274475098
3.2357773780822754 3.1671555042266846
3.2463345527648926 3.2357773780822754
3.2041056156158447 3.161876916885376

3.7319648265838623 3.631671667098999
3.6105573177337646 3.5736072063446045
3.5577714443206787 3.526099681854248
3.473313808441162 3.4521994590759277
3.399413585662842 3.4152493476867676
3.383577823638916 3.3624634742736816
3.3677420616149902 3.373020648956299
3.3255133628845215 3.304399013519287
3.3149561882019043 3.267448902130127
3.2727274894714355 3.2463345527648926
3.251613140106201 3.2093844413757324
3.2357773780822754 3.1777126789093018
3.098533868789673 3.098533868789673

3.6739003658294678 3.605278730392456
3.594721555709839 3.5472142696380615
3.5472142696380615 3.499706745147705
3.4680352210998535 3.4521994590759277
3.420527935028076 3.4046921730041504
3.4046921730041504 3.373020648956299
3.3413491249084473 3.3255133628845215
3.3149561882019043 3.2885632514953613
3.2885632514953613 3.2568917274475098
3.2463345527648926 3.225220203399658
3.214663028717041 3.1671555042266846

3.7055718898773193 3.6105573177337646
3.6000001430511475 3.55249285697937
3.5208210945129395 3.4944281578063965
3.4680352210998535 3.409970760345459
3.4521994590759277 3.3782992362976074
3.383577823638916 3.3149561882019043
3.29384183883667 3.251613140106201
3.2991204261779785 3.2093844413757324
3.2885632514953613 3.214663028717041
3.2463345527648926 3.1935484409332275

3.3677420616149902 3.267448902130127
3.2991204261779785 3.251613140106201
3.3677420616149902 3.3413491249084473
3.3413491249084473 3.320234775543213
3.4680352210998535 3.4046921730041504
3.399413585662842 3.346627712249756
3.346627712249756 3.3519062995910645
3.3360705375671387 3.2991204261779785
3.3782992362976074 3.3624634742736816
3.3624634742736816 3.3360705375671387
3.4152493476867676 3.3782992362976074
3.3624634742736816 3.33079195022583
