3.2722579860687255 3.2986509227752685
3.2986509227752685 3.3144866847991943
3.3144866847991943 3.335601511001587
3.335601511001587 3.3778302097320556
3.3778302097320556 3.4306160831451415
3.4306160831451415 3.4728450202941894
3.4728450202941894 3.5625810050964355
3.5625810050964355 3.610088291168213

3.346158685684204 3.4728450202941894
3.4728450202941894 3.530909481048584
3.530909481048584 3.5361880683898925
3.5361880683898925 3.5361880683898925
3.5361880683898925 3.5361880683898925

3.2564222240447998 3.335601511001587
3.335601511001587 3.3514372730255126
3.3514372730255126 3.383108797073364
3.383108797073364 3.4200589084625244
3.4200589084625244 3.4728450202941894
3.4728450202941894 3.515073719024658
3.515073719024658 3.5995311164855956
3.5995311164855956 3.62064546585083
